220
138
113
141
220
220
193
182
220
291
224
123
325
249
182
182
202
193
182
325
327
182
182
182
163
141
304
182
182
217
217
210
193
282
261
220
220
193
202
202
138
182
220
235
325
182
202
182
37
396
271
182
182
202
182
249
210
182
220
157
182
182
182
235
182
182
203
182
123
111
140
120
203
220
261
272
157
182
182
202
138
225
193
182
203
216
299
243
202
182
182
182
355
294
182
400
182
220
182
236
182
193
182
202
157
182
182
182
138
258
294
202
182
205
267
267
149
311
235
220
182
222
238
182
224
210
182
182
182
228
355
182
268
304
241
182
89
319
232
205
182
327
315
269
204
304
182
95
224
135
210
210
182
182
282
282
289
282
386
190
392
259
263
182
327
220
182
182
203
182
220
268
170
294
170
203
228
70
141
152
235
382
253
235
235
182
182
141
294
202
202
294
182
314
261
202
144
203
182
182
182
314
340
202
203
134
339
266
202
202
182
182
123
230
294
253
220
339
182
182
182
182
158
376
237
193
182
182
210
-277
170
123
294
182
311
182
193
210
224
237
341
364
182
205
182
182
182
193
142
182
135
131
134
294
182
193
166
203
193
182
235
182
182
144
220
355
203
113
307
235
249
123
261
193
281
182
339
135
114
193
237
182
182
149
134
220
229
118
202
249
220
392
182
306
306
378
312
312
415
219
219
202
253
306
182
141
127
113
183
232
146
182
310
182
182
355
182
225
193
113
261
202
141
124
182
182
314
342
314
246
246
342
353
363
157
261
182
294
182
135
191
210
193
203
220
210
480
249
239
136
124
182
64
157
156
56
590
182
294
230
241
217
182
249
235
235
263
205
182
261
294
150
202
193
281
182
182
294
182
182
259
224
248
248
182
382
235
182
396
182
264
182
355
318
315
351
269
329
329
234
223
149
193
262
137
226
299
61
182
325
170
182
220
123
182
392
202
182
113
229
331
223
153
210
182
202
202
182
224
182
334
145
202
350
684
261
236
289
289
234
358
361
223
261
239
177
249
220
123
249
321
359
261
295
228
186
140
140
138
281
294
133
193
249
138
202
224
173
202
182
65
182
182
314
362
193
224
237
202
220
182
182
251
217
182
224
182
182
236
182
113
182
365
220
182
202
239
239
312
291
289
182
325
182
294
220
202
178
248
148
182
202
151
182
190
332
299
254
202
182
345
182
182
182
202
113
182
281
170
182
182
294
268
312
299
144
202
182
182
182
236
102
182
314
182
245
142
202
182
170
130
331
369
369
369
372
331
281
203
182
182
224
193
205
182
203
294
212
193
360
220
202
220
285
281
297
180
283
182
193
193
235
237
210
124
210
182
134
126
126
121
123
121
135
132
119
151
121
121
123
125
126
124
109
147
134
389
224
294
268
218
230
218
258
138
400
154
170
220
202
310
157
92
327
202
261
268
318
245
128
152
190
224
220
182
203
246
19
202
182
210
318
136
260
136
217
134
193
193
224
220
202
220
235
249
202
220
182
193
237
235
123
182
314
138
140
138
85
382
271
220
182
203
258
182
202
304
