181
135
209
155
94
181
181
202
155
253
174
174
155
155
155
155
181
282
193
95
253
202
155
155
155
202
181
181
155
172
155
155
294
155
181
202
155
155
155
127
127
127
269
155
155
202
202
202
202
172
172
261
155
155
202
235
188
188
172
155
181
202
155
155
181
220
253
155
181
155
31
350
260
155
182
155
155
282
181
155
155
210
172
155
155
235
155
155
155
155
181
155
155
155
155
155
155
152
127
127
117
182
182
202
249
235
155
155
155
155
155
181
135
174
174
155
155
186
202
204
155
155
155
155
155
155
155
155
350
253
188
188
155
269
155
155
155
155
181
155
174
174
333
155
181
155
181
155
155
155
155
172
209
253
181
155
188
258
258
258
258
258
146
401
220
203
155
155
214
214
173
253
155
155
172
172
155
155
155
155
201
155
155
253
172
155
269
212
155
155
155
288
220
181
188
95
155
300
299
285
230
230
269
155
155
103
174
132
155
172
193
157
155
192
172
275
275
282
275
369
369
317
170
233
373
236
233
155
220
189
206
155
155
103
203
155
155
172
253
182
181
172
155
155
253
155
155
182
193
174
215
124
135
240
141
141
200
220
260
188
270
271
155
220
155
155
155
124
155
155
253
155
181
253
155
203
261
155
155
135
182
275
155
155
155
155
155
155
248
172
282
181
235
172
333
103
108
155
155
248
155
249
181
155
155
155
155
204
241
253
227
181
172
310
155
155
181
155
155
188
336
188
210
174
155
155
155
172
192
-45
155
155
103
253
155
181
188
252
188
155
172
77
192
155
209
209
188
261
155
188
298
155
155
155
155
155
293
172
182
155
188
188
188
155
103
172
172
253
155
155
209
237
155
172
155
220
155
155
135
155
155
155
77
299
155
181
235
103
260
157
155
203
249
94
271
155
253
188
106
172
172
155
129
155
155
172
117
111
203
155
204
156
108
155
202
202
253
155
400
359
551
155
188
204
155
231
188
170
155
155
-7
128
112
94
155
200
200
181
253
218
218
131
155
253
155
155
155
155
155
135
155
174
174
94
86
202
155
112
118
155
155
313
308
308
335
308
241
308
308
308
323
313
141
201
155
155
253
181
155
172
155
101
193
174
181
155
202
181
193
210
368
227
286
227
155
155
155
155
181
155
117
56
142
155
155
155
124
47
528
155
253
202
216
228
202
155
141
238
238
238
181
220
181
188
188
94
155
203
423
181
181
267
253
155
135
155
174
155
155
155
253
155
181
247
209
172
172
155
260
155
155
181
350
350
350
155
275
155
155
155
373
285
328
241
291
285
223
238
141
210
231
132
200
200
46
253
181
155
275
157
155
181
155
103
155
253
155
155
155
94
217
125
326
187
144
253
155
181
172
209
155
155
172
192
155
323
236
155
181
819
155
181
282
307
282
294
638
282
236
155
228
167
239
202
155
155
103
239
239
249
281
326
77
248
289
215
215
215
177
127
127
155
238
266
151
247
247
238
135
155
192
162
181
155
25
253
202
155
155
155
155
253
172
177
209
192
181
202
155
155
202
202
155
155
172
181
141
155
220
155
94
155
155
202
202
172
155
181
228
228
228
253
155
274
274
274
281
155
155
155
155
155
294
306
103
155
253
202
155
94
103
135
310
155
181
135
155
155
170
269
220
232
155
155
181
155
155
155
155
94
155
202
155
155
155
253
72
155
155
294
220
135
155
155
155
155
155
220
25
181
155
155
155
155
306
103
236
155
239
155
135
181
155
172
155
159
188
218
218
106
331
326
1085
326
331
155
253
155
155
155
209
172
155
188
188
155
155
155
253
157
172
350
155
181
203
172
260
483
155
172
172
155
253
299
135
172
155
172
96
124
118
121
118
118
121
118
118
124
130
129
118
118
118
124
121
159
106
124
172
306
155
209
172
253
224
204
218
204
248
158
292
248
383
188
137
170
155
155
275
146
142
84
174
299
267
155
155
155
155
339
204
373
231
96
140
140
192
209
189
155
155
182
128
199
25
155
155
155
235
192
298
124
202
202
202
172
172
174
193
181
155
155
181
236
181
155
182
155
172
192
202
155
155
306
215
178
271
77
77
260
155
155
155
155
155
182
248
248
155
155
269
