182
261
44
94
202
220
182
71
141
57
261
141
182
128
103
129
220
182
293
162
80
157
182
94
321
94
-122
182
123
149
259
314
374
170
365
334
182
321
374
223
193
202
282
339
444
180
295
56
217
217
210
182
193
170
-31
182
-81
202
182
123
123
182
56
271
182
182
299
134
210
202
248
102
202
202
193
182
282
220
220
182
217
334
141
105
210
307
327
382
202
182
123
89
182
220
249
111
182
271
182
406
314
156
702
325
282
261
220
92
146
113
289
216
415
182
143
205
104
77
95
253
94
71
266
306
249
216
182
104
210
132
68
182
19
170
-31
209
317
306
295
108
118
182
113
74
210
70
334
202
94
220
182
123
235
202
244
180
205
114
237
182
209
311
369
372
266
182
377
324
218
182
182
205
123
64
333
19
205
239
266
606
360
119
170
94
349
353
283
349
412
379
308
379
383
353
357
353
360
303
374
193
174
258
393
302
276
260
156
122
181
243
211
193
182
220
78
232
306
202
124
182
129
182
80
299
182
113
182
135
358
428
182
193
259
299
202
174
202
268
406
261
220
261
196
170
294
218
251
269
110
328
143
210
261
317
141
249
224
219
182
236
279
202
249
202
220
382
141
129
212
249
385
197
197
182
220
141
268
259
113
217
302
318
260
307
365
129
202
268
268
182
249
423
182
282
124
235
180
311
351
416
307
229
307
416
182
182
565
228
358
267
217
217
34
15
406
-31
224
105
37
54
203
85
182
278
210
161
182
202
285
177
393
239
55
202
202
299
182
162
94
494
134
237
374
107
