65
65
65
78
65
65
65
38
65
65
65
65
65
65
65
65
65
65
65
65
78
65
0
65
65
65
78
65
37
38
65
65
65
65
65
65
78
0
65
38
65
65
65
65
65
65
65
65
65
78
65
65
65
65
0
65
65
65
65
65
65
65
38
78
65
65
65
140
65
65
65
98
78
65
65
78
0
65
65
65
0
65
65
65
65
65
65
78
36
65
78
65
65
65
65
65
65
65
65
65
65
65
65
65
65
65
65
78
65
78
78
65
65
78
65
65
65
78
65
65
65
65
65
65
65
65
65
65
65
0
65
78
37
65
78
65
78
78
65
65
65
65
65
65
65
65
65
65
65
65
65
65
65
65
65
65
65
65
65
38
65
65
74
113
65
65
65
65
65
65
65
65
37
89
38
38
38
140
65
38
89
65
0
38
65
38
120
106
120
65
65
74
0
65
38
0
65
106
65
136
36
65
65
38
78
65
65
65
65
0
78
65
0
65
65
65
65
65
36
65
65
78
65
78
65
65
65
65
65
89
89
65
65
65
78
65
65
131
65
65
38
65
78
98
65
65
65
89
65
65
65
65
78
65
78
65
65
65
0
65
89
113
0
65
0
65
65
179
78
65
78
126
65
65
65
38
65
65
98
78
38
65
0
38
65
58
78
65
65
65
65
89
65
78
65
65
78
65
65
38
65
78
0
65
89
89
65
65
65
65
65
65
38
65
65
106
65
65
78
65
65
65
78
65
65
65
65
65
65
65
65
65
78
65
65
98
65
65
65
65
78
38
65
78
65
65
89
65
65
78
89
65
65
89
65
65
65
65
65
65
38
65
65
65
65
38
78
65
65
65
65
58
78
65
65
65
65
78
65
98
65
65
38
65
38
65
65
78
65
65
65
78
78
65
65
78
65
65
65
65
65
65
65
89
149
65
65
106
98
36
0
65
65
0
65
78
36
65
0
0
65
0
58
65
78
65
65
65
65
78
113
65
65
65
65
35
78
78
65
36
