235
141
156
235
225
220
299
156
285
324
220
203
170
210
203
362
220
203
173
153
243
203
236
230
235
210
156
145
203
236
150
351
203
141
37
400
203
220
203
259
203
272
170
203
203
203
249
249
203
220
203
141
117
126
220
235
272
170
203
235
141
220
236
240
203
360
325
220
415
235
203
212
203
312
203
235
170
249
203
147
277
325
220
203
220
288
317
249
238
258
220
237
224
203
203
251
360
203
285
213
365
220
170
341
291
218
332
203
259
138
237
249
203
289
295
289
402
409
255
226
203
332
263
203
220
203
299
220
325
220
240
74
144
261
418
263
249
249
220
157
325
220
220
203
355
321
249
147
220
203
136
403
345
220
212
149
272
272
249
220
203
141
351
275
299
363
203
203
180
259
224
224
-55
193
351
203
210
224
268
379
396
232
203
203
149
145
235
137
134
131
203
174
210
182
249
203
203
146
307
220
122
314
141
203
360
363
124
106
249
203
203
162
149
233
220
409
320
364
444
317
433
243
373
203
141
129
275
253
158
339
203
203
268
210
144
282
236
153
203
320
346
325
273
350
367
373
170
279
203
325
203
149
202
249
224
396
142
294
147
220
76
170
170
203
409
324
230
266
249
271
253
235
156
325
175
220
203
325
203
268
237
277
386
249
220
400
236
285
203
400
332
341
371
297
333
293
239
182
210
271
142
258
276
351
182
236
141
203
332
220
129
240
174
285
235
249
170
237
203
148
353
383
386
305
272
302
302
240
394
186
148
261
141
216
386
385
281
347
195
152
152
147
182
258
141
220
248
184
156
203
75
203
321
285
259
156
203
235
241
203
259
193
131
249
203
406
281
203
220
249
345
301
203
351
325
153
259
83
220
139
203
355
202
263
220
203
355
203
360
203
129
339
182
203
325
293
348
156
220
203
203
261
203
249
170
275
272
203
198
266
375
335
291
220
203
203
210
220
255
210
236
355
319
154
224
203
249
248
224
127
203
118
135
128
135
128
123
129
139
153
120
126
128
111
264
393
143
279
230
230
266
186
416
177
236
350
339
97
350
277
332
159
173
249
36
147
224
254
147
138
230
224
210
249
235
193
369
281
261
235
236
184
210
249
321
145
153
142
94
386
203
220
300
220
220
