65
65
65
78
65
38
65
65
65
78
65
65
65
65
65
78
65
78
65
65
65
65
65
65
65
65
65
65
65
78
65
65
78
65
65
65
65
65
65
65
65
65
65
78
65
65
78
65
65
65
65
65
65
65
65
65
58
89
65
65
98
78
65
65
65
65
65
89
78
65
65
65
65
65
65
65
65
65
65
65
65
65
78
65
65
65
0
65
65
65
38
65
65
65
65
65
65
65
65
65
65
65
78
65
65
65
65
65
65
65
65
65
65
65
65
65
65
65
65
65
65
65
58
65
65
38
65
65
65
65
65
65
65
65
65
65
78
65
65
65
65
65
65
65
65
78
65
65
37
65
89
65
65
65
65
65
65
65
65
65
65
65
65
65
65
78
89
65
89
65
65
38
65
65
65
65
65
78
65
65
65
65
65
65
65
65
65
65
65
65
65
65
78
78
78
65
65
89
131
65
65
65
65
65
74
78
65
65
65
65
78
78
65
65
65
65
65
37
65
65
65
78
78
65
65
89
0
65
65
78
65
65
65
89
65
89
65
106
65
98
89
65
65
65
78
65
78
65
65
65
65
65
78
140
89
65
65
65
78
89
65
65
89
65
65
65
65
65
65
65
65
65
78
65
65
78
65
65
78
65
65
78
65
65
65
65
65
78
106
58
65
65
89
65
65
65
65
0
65
65
65
65
65
65
65
78
65
65
78
65
65
65
65
65
65
65
65
78
65
65
78
65
65
65
65
65
78
65
65
78
65
65
78
65
65
65
78
65
65
65
89
65
65
65
65
65
65
65
65
65
65
65
65
65
78
65
98
78
78
65
38
65
78
65
78
65
65
65
65
65
89
78
65
65
65
78
0
65
65
65
65
65
78
65
65
65
89
65
65
78
65
65
78
65
65
78
65
89
65
65
89
65
65
65
65
65
65
65
78
65
65
89
65
65
65
65
65
65
65
65
65
65
78
65
78
65
65
65
65
78
65
78
65
65
0
65
65
65
65
65
65
65
65
65
65
65
65
78
65
65
65
65
38
65
65
38
65
65
65
65
65
65
38
65
65
78
89
78
65
65
38
65
65
65
78
78
65
65
65
36
38
65
38
65
65
65
78
65
136
65
89
65
89
65
65
0
37
78
78
38
65
58
65
65
78
89
65
65
78
65
65
65
0
65
65
65
78
65
65
78
38
78
65
65
65
65
37
65
65
160
65
65
37
65
65
78
65
65
78
65
36
78
78
65
65
65
65
78
113
65
65
78
65
65
65
65
65
65
78
65
65
65
65
65
65
65
89
65
65
78
98
65
78
65
120
65
65
65
89
65
38
65
65
65
78
65
65
78
78
65
65
65
65
65
65
65
65
78
65
65
65
78
65
65
78
65
65
78
78
65
65
65
78
65
65
65
65
65
65
65
65
78
65
65
65
65
78
78
78
98
65
98
58
78
65
65
78
89
58
37
78
65
65
78
65
65
65
65
65
65
65
65
65
78
65
65
65
38
65
106
78
65
78
65
78
65
65
78
65
78
65
65
120
65
65
78
38
65
145
65
65
113
65
65
65
65
120
65
65
65
65
65
106
58
38
65
120
65
65
65
78
65
65
65
0
78
65
65
65
65
65
65
65
65
65
78
78
78
78
65
65
65
65
65
65
98
65
65
38
78
37
65
65
65
65
65
65
38
65
65
65
65
65
78
65
65
65
78
113
78
65
140
65
65
65
65
65
65
78
78
65
65
65
65
65
78
65
65
38
65
65
78
65
78
65
65
65
65
65
89
65
65
89
65
65
65
65
65
65
65
65
65
65
65
65
65
38
65
65
65
65
65
65
78
65
38
65
65
78
65
65
65
65
65
65
65
65
65
65
65
0
65
65
65
65
65
65
65
65
65
65
65
65
38
65
65
65
65
78
65
89
89
65
78
169
65
65
65
78
65
38
65
65
65
65
78
65
89
65
65
65
78
65
78
65
65
65
65
78
65
98
65
78
65
78
65
65
65
78
65
65
65
78
36
57
65
65
78
65
65
78
78
36
98
126
78
89
65
65
65
78
89
65
0
78
65
106
65
65
65
65
65
78
65
89
65
78
36
58
78
89
65
65
65
65
65
37
0
65
65
65
65
65
78
65
98
78
78
65
65
65
65
65
65
65
65
65
65
65
78
65
65
65
65
65
106
65
65
78
35
65
65
65
65
65
65
65
65
65
89
126
65
65
89
78
0
