396
79
109
203
157
63
52
203
112
109
324
98
167
203
203
109
36
162
285
386
136
340
203
409
259
237
261
343
473
162
250
178
224
378
210
220
-171
203
220
203
182
61
334
203
135
237
149
237
217
198
235
235
261
196
122
235
-150
272
339
115
162
355
345
282
170
203
235
261
124
109
400
203
412
321
255
339
291
272
235
169
101
301
149
327
322
203
82
185
109
43
202
203
123
202
163
78
272
36
249
322
312
301
116
127
203
144
77
82
340
106
141
249
236
254
263
131
249
258
321
373
375
274
406
203
203
141
76
36
249
274
367
182
181
357
227
419
312
396
391
367
287
306
309
382
224
274
396
217
268
337
216
190
248
217
210
88
220
136
203
177
78
353
203
207
361
444
318
293
235
182
231
285
409
272
272
203
251
303
211
340
245
237
272
170
261
237
279
203
220
386
156
143
228
261
327
30
307
156
348
122
230
374
156
82
277
443
334
133
249
226
327
355
260
355
235
250
-150
203
370
133
8
-1370
334
47
237
129
22
124
144
248
291
224
173
272
314
311
249
334
203
174
532
162
248
443
127
