155
155
172
77
94
155
155
33
181
157
33
155
33
193
3
155
47
155
155
192
155
112
112
94
181
155
155
181
209
98
71
202
144
155
181
77
314
155
33
155
103
117
172
202
249
155
66
298
314
155
155
155
144
172
192
235
181
274
274
595
173
287
47
110
235
202
202
144
267
253
155
172
192
50
298
66
155
155
181
193
119
181
155
155
155
155
155
155
155
249
155
155
155
155
291
291
33
117
172
162
192
91
155
181
172
172
155
155
272
155
155
155
155
37
155
117
284
112
253
71
193
172
181
181
181
369
103
181
220
155
103
155
155
202
155
181
235
182
155
181
155
369
181
249
173
149
163
227
227
238
227
155
155
155
155
181
82
131
204
94
274
274
369
282
274
369
180
155
129
188
188
95
114
194
155
61
247
294
215
238
238
326
238
155
155
214
203
152
66
155
94
25
103
227
155
266
201
312
266
274
100
108
155
155
94
305
60
155
172
181
202
181
155
82
82
181
155
172
236
155
155
155
220
155
232
288
261
188
106
103
155
172
155
265
540
314
479
257
155
77
209
247
204
283
204
155
155
188
181
103
290
56
281
25
188
188
227
227
642
37
103
66
155
344
344
279
344
344
344
892
348
370
462
357
344
344
348
355
239
369
172
249
281
258
249
249
155
155
248
202
233
239
155
47
94
140
271
172
77
155
181
103
188
271
155
111
155
155
94
155
66
181
192
188
155
235
94
155
181
125
217
217
409
155
314
174
248
220
181
170
294
369
248
202
203
298
202
253
155
155
204
218
260
95
260
155
94
172
249
288
304
124
155
172
172
188
131
155
220
344
188
181
155
155
155
202
369
181
94
220
181
369
341
155
124
181
181
325
202
202
295
216
251
155
298
113
155
72
155
339
298
155
237
400
155
249
155
155
155
124
220
188
304
289
289
395
295
300
223
289
395
155
155
215
215
215
352
245
202
202
-269
118
35
32
369
33
155
210
91
107
155
64
64
25
155
141
70
173
141
172
117
181
155
110
155
209
228
281
326
228
54
155
155
155
155
77
77
133
325
117
223
369
141
96
